-------------------------------------------------------------------------------
 L       Percentage of nodes in the largest component
 D       Percentage of nodes in components of size at most 3 [-div option]
 R       Percentage of nodes not in L or D: 100 - L -D
 S       Percentage of nodes that are singletons
 E       Fraction of edges retained (input graph has 380)
 cce     Expected size of component, nodewise [ sum(sz^2) / sum^2(sz) ]
 EW      Edge weight traits (mean, median and IQR)
 ND      Node degree traits [mean, median and IQR]
 CCF     Clustering coefficient (scale 1-100)
 eff     Induced component efficiency relative to start graph (scale 1-1000)
Total number of nodes: 20
----------------------------------------------------------------------------------------------
  L   D   R   S     E     cce  EWmean   EWmed   EWiqr  NDmean   NDmed  NDiqr CCF  eff  Cutoff 
----------------------------------------------------------------------------------------------
 85  15   0   0 0.732      15    1.00    1.00    0.00    13.9    16.5    0.5   -    -     0.50
 85  15   0   0 0.732      15    1.00    1.00    0.00    13.9    16.5    0.5   -    -     0.51
 85  15   0   0 0.732      15    1.00    1.00    0.00    13.9    16.5    0.5   -    -     0.52
 85  15   0   0 0.732      15    1.00    1.00    0.00    13.9    16.5    0.5   -    -     0.53
 85  15   0   0 0.732      15    1.00    1.00    0.00    13.9    16.5    0.5   -    -     0.54
 85  15   0   0 0.732      15    1.00    1.00    0.00    13.9    16.5    0.5   -    -     0.55
 85  15   0   0 0.732      15    1.00    1.00    0.00    13.9    16.5    0.5   -    -     0.56
 85  15   0   0 0.732      15    1.00    1.00    0.00    13.9    16.5    0.5   -    -     0.57
 85  15   0   0 0.732      15    1.00    1.00    0.00    13.9    16.5    0.5   -    -     0.58
 85  15   0   0 0.732      15    1.00    1.00    0.00    13.9    16.5    0.5   -    -     0.59
 85  15   0   0 0.732      15    1.00    1.00    0.00    13.9    16.5    0.5   -    -     0.60
 85  15   0   0 0.732      15    1.00    1.00    0.00    13.9    16.5    0.5   -    -     0.61
 85  15   0   0 0.732      15    1.00    1.00    0.00    13.9    16.5    0.5   -    -     0.62
 85  15   0   0 0.732      15    1.00    1.00    0.00    13.9    16.5    0.5   -    -     0.63
 85  15   0   0 0.732      15    1.00    1.00    0.00    13.9    16.5    0.5   -    -     0.64
 85  15   0   0 0.732      15    1.00    1.00    0.00    13.9    16.5    0.5   -    -     0.65
 85  15   0   0 0.732      15    1.00    1.00    0.00    13.9    16.5    0.5   -    -     0.66
 85  15   0   0 0.732      15    1.00    1.00    0.00    13.9    16.5    0.5   -    -     0.67
 85  15   0   0 0.732      15    1.00    1.00    0.00    13.9    16.5    0.5   -    -     0.68
 85  15   0   0 0.732      15    1.00    1.00    0.00    13.9    16.5    0.5   -    -     0.69
 85  15   0   0 0.732      15    1.00    1.00    0.00    13.9    16.5    0.5   -    -     0.70
 85  15   0   0 0.732      15    1.00    1.00    0.00    13.9    16.5    0.5   -    -     0.71
 85  15   0   0 0.732      15    1.00    1.00    0.00    13.9    16.5    0.5   -    -     0.72
 85  15   0   0 0.732      15    1.00    1.00    0.00    13.9    16.5    0.5   -    -     0.73
 85  15   0   0 0.732      15    1.00    1.00    0.00    13.9    16.5    0.5   -    -     0.74
 85  15   0   0 0.732      15    1.00    1.00    0.00    13.9    16.5    0.5   -    -     0.75
 85  15   0   0 0.732      15    1.00    1.00    0.00    13.9    16.5    0.5   -    -     0.76
 85  15   0   0 0.732      15    1.00    1.00    0.00    13.9    16.5    0.5   -    -     0.77
 85  15   0   0 0.732      15    1.00    1.00    0.00    13.9    16.5    0.5   -    -     0.78
 85  15   0   0 0.732      15    1.00    1.00    0.00    13.9    16.5    0.5   -    -     0.79
 85  15   0   0 0.732      15    1.00    1.00    0.00    13.9    16.5    0.5   -    -     0.80
 85  15   0   0 0.732      15    1.00    1.00    0.00    13.9    16.5    0.5   -    -     0.81
 85  15   0   0 0.732      15    1.00    1.00    0.00    13.9    16.5    0.5   -    -     0.82
 85  15   0   0 0.732      15    1.00    1.00    0.00    13.9    16.5    0.5   -    -     0.83
 85  15   0   0 0.732      15    1.00    1.00    0.00    13.9    16.5    0.5   -    -     0.84
 85  15   0   0 0.732      15    1.00    1.00    0.00    13.9    16.5    0.5   -    -     0.85
 85  15   0   0 0.732      15    1.00    1.00    0.00    13.9    16.5    0.5   -    -     0.86
 85  15   0   0 0.732      15    1.00    1.00    0.00    13.9    16.5    0.5   -    -     0.87
 85  15   0   0 0.732      15    1.00    1.00    0.00    13.9    16.5    0.5   -    -     0.88
 85  15   0   0 0.732      15    1.00    1.00    0.00    13.9    16.5    0.5   -    -     0.89
 85  15   0   0 0.732      15    1.00    1.00    0.00    13.9    16.5    0.5   -    -     0.90
 85  15   0   0 0.732      15    1.00    1.00    0.00    13.9    16.5    0.5   -    -     0.91
 85  15   0   0 0.732      15    1.00    1.00    0.00    13.9    16.5    0.5   -    -     0.92
 85  15   0   0 0.732      15    1.00    1.00    0.00    13.9    16.5    0.5   -    -     0.93
 85  15   0   0 0.732      15    1.00    1.00    0.00    13.9    16.5    0.5   -    -     0.94
 85  15   0   0 0.732      15    1.00    1.00    0.00    13.9    16.5    0.5   -    -     0.95
 85  15   0   0 0.732      15    1.00    1.00    0.00    13.9    16.5    0.5   -    -     0.96
 85  15   0   0 0.732      15    1.00    1.00    0.00    13.9    16.5    0.5   -    -     0.97
 85  15   0   0 0.732      15    1.00    1.00    0.00    13.9    16.5    0.5   -    -     0.98
 85  15   0   0 0.732      15    1.00    1.00    0.00    13.9    16.5    0.5   -    -     0.99
---------------------------------------------------------------------------------------------
