1.0000 0.9999 0.9998 0.3307 0.3308 0.9999 0.9999 0.9998 0.9999 0.9999 0.9999 0.3307 0.9998 0.9999 0.9999 0.9998 0.9999 0.9999 0.9999 0.9999
0.9999 1.0000 0.9999 0.3307 0.3307 0.9999 0.9999 0.9999 0.9998 0.9999 0.9999 0.3307 0.9999 0.9999 0.9999 0.9999 0.9999 0.9999 0.9999 0.9999
0.9998 0.9999 1.0000 0.3307 0.3307 0.9999 0.9999 0.9999 0.9998 0.9999 0.9999 0.3307 0.9998 0.9998 0.9998 0.9999 0.9999 0.9998 0.9999 0.9998
0.3307 0.3307 0.3307 1.0000 0.9999 0.3308 0.3307 0.3307 0.3307 0.3307 0.3307 0.9999 0.3308 0.3308 0.3308 0.3307 0.3307 0.3307 0.3307 0.3308
0.3308 0.3307 0.3307 0.9999 1.0000 0.3308 0.3308 0.3308 0.3308 0.3308 0.3307 0.9999 0.3308 0.3308 0.3308 0.3308 0.3307 0.3308 0.3307 0.3308
0.9999 0.9999 0.9999 0.3308 0.3308 1.0000 0.9999 0.9999 0.9999 0.9999 0.9999 0.3307 0.9999 0.9999 0.9999 0.9999 0.9999 0.9999 0.9999 0.9999
0.9999 0.9999 0.9999 0.3307 0.3308 0.9999 1.0000 0.9998 0.9999 0.9999 0.9999 0.3307 0.9998 0.9999 0.9998 0.9998 0.9999 0.9998 0.9999 0.9998
0.9998 0.9999 0.9999 0.3307 0.3308 0.9999 0.9998 1.0000 0.9998 0.9999 0.9999 0.3307 0.9999 0.9999 0.9999 0.9999 0.9999 0.9999 0.9999 0.9999
0.9999 0.9998 0.9998 0.3307 0.3308 0.9999 0.9999 0.9998 1.0000 0.9999 0.9999 0.3307 0.9998 0.9999 0.9999 0.9998 0.9999 0.9999 0.9999 0.9999
0.9999 0.9999 0.9999 0.3307 0.3308 0.9999 0.9999 0.9999 0.9999 1.0000 0.9999 0.3307 0.9999 0.9999 0.9999 0.9999 0.9999 0.9999 0.9999 0.9999
0.9999 0.9999 0.9999 0.3307 0.3307 0.9999 0.9999 0.9999 0.9999 0.9999 1.0000 0.3307 0.9998 0.9999 0.9999 0.9999 0.9999 0.9999 0.9999 0.9998
0.3307 0.3307 0.3307 0.9999 0.9999 0.3307 0.3307 0.3307 0.3307 0.3307 0.3307 1.0000 0.3307 0.3307 0.3307 0.3307 0.3307 0.3307 0.3307 0.3307
0.9998 0.9999 0.9998 0.3308 0.3308 0.9999 0.9998 0.9999 0.9998 0.9999 0.9998 0.3307 1.0000 0.9999 0.9999 0.9999 0.9999 0.9999 0.9998 0.9999
0.9999 0.9999 0.9998 0.3308 0.3308 0.9999 0.9999 0.9999 0.9999 0.9999 0.9999 0.3307 0.9999 1.0000 0.9999 0.9999 0.9999 0.9999 0.9999 0.9999
0.9999 0.9999 0.9998 0.3308 0.3308 0.9999 0.9998 0.9999 0.9999 0.9999 0.9999 0.3307 0.9999 0.9999 1.0000 0.9999 0.9999 1.0000 0.9999 0.9999
0.9998 0.9999 0.9999 0.3307 0.3308 0.9999 0.9998 0.9999 0.9998 0.9999 0.9999 0.3307 0.9999 0.9999 0.9999 1.0000 0.9999 0.9999 0.9999 0.9998
0.9999 0.9999 0.9999 0.3307 0.3307 0.9999 0.9999 0.9999 0.9999 0.9999 0.9999 0.3307 0.9999 0.9999 0.9999 0.9999 1.0000 0.9999 0.9999 0.9998
0.9999 0.9999 0.9998 0.3307 0.3308 0.9999 0.9998 0.9999 0.9999 0.9999 0.9999 0.3307 0.9999 0.9999 1.0000 0.9999 0.9999 1.0000 0.9999 0.9999
0.9999 0.9999 0.9999 0.3307 0.3307 0.9999 0.9999 0.9999 0.9999 0.9999 0.9999 0.3307 0.9998 0.9999 0.9999 0.9999 0.9999 0.9999 1.0000 0.9999
0.9999 0.9999 0.9998 0.3308 0.3308 0.9999 0.9998 0.9999 0.9999 0.9999 0.9998 0.3307 0.9999 0.9999 0.9999 0.9998 0.9998 0.9999 0.9999 1.0000
