1.0000	0.9999	0.9998	0.9998	0.5312	0.5668	0.9998	0.9999	0.5668	0.5668	0.5668	0.5313	0.9998	0.5312	0.5668	0.9998	0.5668	0.5668	0.5668	0.5313
0.9999	1.0000	0.9999	0.9999	0.5312	0.5668	0.9998	0.9999	0.5668	0.5668	0.5668	0.5312	0.9999	0.5312	0.5668	0.9998	0.5668	0.5668	0.5668	0.5313
0.9998	0.9999	1.0000	0.9999	0.5312	0.5668	0.9998	0.9998	0.5668	0.5668	0.5668	0.5312	0.9999	0.5312	0.5668	0.9999	0.5668	0.5668	0.5668	0.5313
0.9998	0.9999	0.9999	1.0000	0.5312	0.5668	0.9998	0.9998	0.5668	0.5668	0.5668	0.5312	0.9999	0.5312	0.5668	0.9999	0.5668	0.5668	0.5668	0.5313
0.5312	0.5312	0.5312	0.5312	1.0000	0.6903	0.5312	0.5312	0.6903	0.6903	0.6903	0.9997	0.5312	0.9998	0.6903	0.5312	0.6903	0.6904	0.6903	0.9997
0.5668	0.5668	0.5668	0.5668	0.6903	1.0000	0.5668	0.5668	0.9998	0.9998	0.9998	0.6904	0.5668	0.6903	0.9998	0.5668	0.9998	0.9997	0.9998	0.6904
0.9998	0.9998	0.9998	0.9998	0.5312	0.5668	1.0000	0.9999	0.5668	0.5668	0.5668	0.5312	0.9999	0.5312	0.5668	0.9999	0.5668	0.5668	0.5668	0.5313
0.9999	0.9999	0.9998	0.9998	0.5312	0.5668	0.9999	1.0000	0.5668	0.5668	0.5668	0.5312	0.9999	0.5312	0.5668	0.9998	0.5668	0.5668	0.5668	0.5313
0.5668	0.5668	0.5668	0.5668	0.6903	0.9998	0.5668	0.5668	1.0000	0.9998	0.9998	0.6904	0.5668	0.6903	0.9998	0.5668	0.9998	0.9998	0.9998	0.6904
0.5668	0.5668	0.5668	0.5668	0.6903	0.9998	0.5668	0.5668	0.9998	1.0000	0.9998	0.6904	0.5668	0.6903	0.9998	0.5668	0.9998	0.9998	0.9998	0.6904
0.5668	0.5668	0.5668	0.5668	0.6903	0.9998	0.5668	0.5668	0.9998	0.9998	1.0000	0.6904	0.5668	0.6903	0.9998	0.5668	0.9998	0.9997	0.9998	0.6904
0.5313	0.5312	0.5312	0.5312	0.9997	0.6904	0.5312	0.5312	0.6904	0.6904	0.6904	1.0000	0.5312	0.9997	0.6904	0.5312	0.6904	0.6905	0.6904	0.9998
0.9998	0.9999	0.9999	0.9999	0.5312	0.5668	0.9999	0.9999	0.5668	0.5668	0.5668	0.5312	1.0000	0.5312	0.5668	0.9999	0.5668	0.5668	0.5668	0.5313
0.5312	0.5312	0.5312	0.5312	0.9998	0.6903	0.5312	0.5312	0.6903	0.6903	0.6903	0.9997	0.5312	1.0000	0.6903	0.5312	0.6903	0.6903	0.6903	0.9997
0.5668	0.5668	0.5668	0.5668	0.6903	0.9998	0.5668	0.5668	0.9998	0.9998	0.9998	0.6904	0.5668	0.6903	1.0000	0.5668	0.9998	0.9998	0.9998	0.6905
0.9998	0.9998	0.9999	0.9999	0.5312	0.5668	0.9999	0.9998	0.5668	0.5668	0.5668	0.5312	0.9999	0.5312	0.5668	1.0000	0.5668	0.5668	0.5668	0.5313
0.5668	0.5668	0.5668	0.5668	0.6903	0.9998	0.5668	0.5668	0.9998	0.9998	0.9998	0.6904	0.5668	0.6903	0.9998	0.5668	1.0000	0.9997	0.9998	0.6904
0.5668	0.5668	0.5668	0.5668	0.6904	0.9997	0.5668	0.5668	0.9998	0.9998	0.9997	0.6905	0.5668	0.6903	0.9998	0.5668	0.9997	1.0000	0.9997	0.6905
0.5668	0.5668	0.5668	0.5668	0.6903	0.9998	0.5668	0.5668	0.9998	0.9998	0.9998	0.6904	0.5668	0.6903	0.9998	0.5668	0.9998	0.9997	1.0000	0.6904
0.5313	0.5313	0.5313	0.5313	0.9997	0.6904	0.5313	0.5313	0.6904	0.6904	0.6904	0.9998	0.5313	0.9997	0.6905	0.5313	0.6904	0.6905	0.6904	1.0000
