-------------------------------------------------------------------------------
 L       Percentage of nodes in the largest component
 D       Percentage of nodes in components of size at most 3 [-div option]
 R       Percentage of nodes not in L or D: 100 - L -D
 S       Percentage of nodes that are singletons
 E       Fraction of edges retained (input graph has 380)
 cce     Expected size of component, nodewise [ sum(sz^2) / sum^2(sz) ]
 EW      Edge weight traits (mean, median and IQR)
 ND      Node degree traits [mean, median and IQR]
 CCF     Clustering coefficient (scale 1-100)
 eff     Induced component efficiency relative to start graph (scale 1-1000)
Total number of nodes: 20
----------------------------------------------------------------------------------------------
  L   D   R   S     E     cce  EWmean   EWmed   EWiqr  NDmean   NDmed  NDiqr CCF  eff  Cutoff 
----------------------------------------------------------------------------------------------
100   0   0   0 1.000      20    0.72    0.57    0.43    19.0    19.5    0.5   -    -     0.50
100   0   0   0 1.000      20    0.72    0.57    0.43    19.0    19.5    0.5   -    -     0.51
100   0   0   0 1.000      20    0.72    0.57    0.43    19.0    19.5    0.5   -    -     0.52
100   0   0   0 1.000      20    0.72    0.57    0.43    19.0    19.5    0.5   -    -     0.53
100   0   0   0 0.832      20    0.76    0.69    0.43    15.8    15.5    4.5   -    -     0.54
100   0   0   0 0.832      20    0.76    0.69    0.43    15.8    15.5    4.5   -    -     0.55
100   0   0   0 0.832      20    0.76    0.69    0.43    15.8    15.5    4.5   -    -     0.56
 60   0  40   0 0.495      10    0.89    1.00    0.31     9.4    11.5    4.5   -    -     0.57
 60   0  40   0 0.495      10    0.89    1.00    0.31     9.4    11.5    4.5   -    -     0.58
 60   0  40   0 0.495      10    0.89    1.00    0.31     9.4    11.5    4.5   -    -     0.59
 60   0  40   0 0.495      10    0.89    1.00    0.31     9.4    11.5    4.5   -    -     0.60
 60   0  40   0 0.495      10    0.89    1.00    0.31     9.4    11.5    4.5   -    -     0.61
 60   0  40   0 0.495      10    0.89    1.00    0.31     9.4    11.5    4.5   -    -     0.62
 60   0  40   0 0.495      10    0.89    1.00    0.31     9.4    11.5    4.5   -    -     0.63
 60   0  40   0 0.495      10    0.89    1.00    0.31     9.4    11.5    4.5   -    -     0.64
 60   0  40   0 0.495      10    0.89    1.00    0.31     9.4    11.5    4.5   -    -     0.65
 60   0  40   0 0.495      10    0.89    1.00    0.31     9.4    11.5    4.5   -    -     0.66
 60   0  40   0 0.495      10    0.89    1.00    0.31     9.4    11.5    4.5   -    -     0.67
 60   0  40   0 0.495      10    0.89    1.00    0.31     9.4    11.5    4.5   -    -     0.68
 60   0  40   0 0.495      10    0.89    1.00    0.31     9.4    11.5    4.5   -    -     0.69
 40   0  60   0 0.326       7    1.00    1.00    0.00     6.2     7.5    0.5   -    -     0.70
 40   0  60   0 0.326       7    1.00    1.00    0.00     6.2     7.5    0.5   -    -     0.71
 40   0  60   0 0.326       7    1.00    1.00    0.00     6.2     7.5    0.5   -    -     0.72
 40   0  60   0 0.326       7    1.00    1.00    0.00     6.2     7.5    0.5   -    -     0.73
 40   0  60   0 0.326       7    1.00    1.00    0.00     6.2     7.5    0.5   -    -     0.74
 40   0  60   0 0.326       7    1.00    1.00    0.00     6.2     7.5    0.5   -    -     0.75
 40   0  60   0 0.326       7    1.00    1.00    0.00     6.2     7.5    0.5   -    -     0.76
 40   0  60   0 0.326       7    1.00    1.00    0.00     6.2     7.5    0.5   -    -     0.77
 40   0  60   0 0.326       7    1.00    1.00    0.00     6.2     7.5    0.5   -    -     0.78
 40   0  60   0 0.326       7    1.00    1.00    0.00     6.2     7.5    0.5   -    -     0.79
 40   0  60   0 0.326       7    1.00    1.00    0.00     6.2     7.5    0.5   -    -     0.80
 40   0  60   0 0.326       7    1.00    1.00    0.00     6.2     7.5    0.5   -    -     0.81
 40   0  60   0 0.326       7    1.00    1.00    0.00     6.2     7.5    0.5   -    -     0.82
 40   0  60   0 0.326       7    1.00    1.00    0.00     6.2     7.5    0.5   -    -     0.83
 40   0  60   0 0.326       7    1.00    1.00    0.00     6.2     7.5    0.5   -    -     0.84
 40   0  60   0 0.326       7    1.00    1.00    0.00     6.2     7.5    0.5   -    -     0.85
 40   0  60   0 0.326       7    1.00    1.00    0.00     6.2     7.5    0.5   -    -     0.86
 40   0  60   0 0.326       7    1.00    1.00    0.00     6.2     7.5    0.5   -    -     0.87
 40   0  60   0 0.326       7    1.00    1.00    0.00     6.2     7.5    0.5   -    -     0.88
 40   0  60   0 0.326       7    1.00    1.00    0.00     6.2     7.5    0.5   -    -     0.89
 40   0  60   0 0.326       7    1.00    1.00    0.00     6.2     7.5    0.5   -    -     0.90
 40   0  60   0 0.326       7    1.00    1.00    0.00     6.2     7.5    0.5   -    -     0.91
 40   0  60   0 0.326       7    1.00    1.00    0.00     6.2     7.5    0.5   -    -     0.92
 40   0  60   0 0.326       7    1.00    1.00    0.00     6.2     7.5    0.5   -    -     0.93
 40   0  60   0 0.326       7    1.00    1.00    0.00     6.2     7.5    0.5   -    -     0.94
 40   0  60   0 0.326       7    1.00    1.00    0.00     6.2     7.5    0.5   -    -     0.95
 40   0  60   0 0.326       7    1.00    1.00    0.00     6.2     7.5    0.5   -    -     0.96
 40   0  60   0 0.326       7    1.00    1.00    0.00     6.2     7.5    0.5   -    -     0.97
 40   0  60   0 0.326       7    1.00    1.00    0.00     6.2     7.5    0.5   -    -     0.98
 40   0  60   0 0.326       7    1.00    1.00    0.00     6.2     7.5    0.5   -    -     0.99
---------------------------------------------------------------------------------------------
